Value
1
1.5394097118391845
1.721550671765447
5.64670572838794
1.3736512800306773
0.8214694055605786
7.204306229353636
21.866610847455245
6.565106191359046
0.8795043816908297
0.7387986321947857
7.832587220449533
6.629705788194237
355.27050036763285
16246.255153895678
3.612975855845714
85.14207777633149
127.66042599674233
142.57042983138143
1365.7308162504266
19.241356230936745
4.231040524043891
10.10613858878245
1.6706625482408155
55.37039183679213
3.7466798709591176
4.446205114493881
79.34206651867541
9.52821801858217
1.2873041783494166
32.503048362186945
38.992803015644625
17.832355910797148
382.900240456498
42125.013716750334
1589.8042284811665
3.7506886519308638
281.3884867599411
130.63293093076192
29.972313202064374
0.9983729168938721
298.8873706688807
41.44030891711903
3.6526379854424436
9.176851620574775
6.898889537767677
917.504271752782
17.310996267383405
600.503866301262
4170.120512328893
507.80681950107476
58.96118307411408
121.59919402218463
2.740391414630028
135.15094230099456
25954.008233920023
0.37691863880865856
3.673042487097671
1134.356167612427
0.30651079503678086
49.34
622.96
941.4525568951385
